[colors]
btStone=0.7529411912;0.7529411912;0.7529411912;1;
btWater=0;0;1;1;
btWoodBrown=0.250980407;0;0;0.5686274767;
btFloraLight=0;0.7176470757;0;0;
btBlackRock=0.1058823541;0.1058823541;0.1058823541;0.270588249;
btWoodLightBrow=0.6823529601;0.4156862795;0.01568627544;1;
btBrick=0.9254902005;0.4235294163;0.4235294163;1;
btYello=0.980392158;0.9450980425;0.521568656;1;
btOrange=1;0.4117647111;0.2274509817;0.3686274588;
btWhite=0.9764705896;0.6000000238;0.3764705956;1;
btQuartzite=0.270588249;0.4196078479;0.3921568692;0.1529411823;
btGneiss=0.1529411823;0.1176470593;0.04705882445;0.3058823645;
btTourmaline=0.3058823645;0.2156862766;0.160784319;0.2941176593;
btPotassiumChloride=0.2941176593;0.3098039329;0.1568627506;0.8392156959;
btRedRock=0.8392156959;0.09019608051;0.07058823854;0.1411764771;
btNeodymium=0.1411764771;0.4862745106;0.5568627715;0.7764706016;
btTitanium=0.7764706016;0.8627451062;0.9098039269;1;
btIce=1;1;1;0.2274509817;
btLava=0.9607843161;0.9411764741;0.1215686277;1;
btZizanium=1;0;0;0;
btIron=0.2274509817;0.1764705926;0.250980407;0.9254902005;
btRedSlab=0.9254902005;0.1490196139;0.1098039225;0.8823529482;
btFlora=0;0.501960814;0;0.1058823541;
btWoodLight=0.5686274767;0.2392156869;0.01568627544;0;
btCeramic=0.8823529482;0.8823529482;0.8823529482;0.3686274588;
btYellowFlower=1;1;0;0.250980407;
btWater1=0.3490196168;0.3490196168;1;0.2431372553;
btWater2=0.2431372553;0.2431372553;1;0.1254902035;
btWater3=0.1254902035;0.1254902035;1;0.05882352963;
btWater4=0.05882352963;0.05882352963;1;0.250980407;
btWater5=0.250980407;0.250980407;1;0.01568627544;
btWater6=0.01568627544;0.01568627544;1;0;
btWater7=0;0;0.9411764741;1;
btOxy1=1;0.03529411927;0.05882352963;1;
btOxy2=1;0.3254902065;0.3411764801;1;
btOxy3=1;0.611764729;0.3254902065;0.9921568632;
btOxy4=0.9921568632;0.7960784435;0.3333333433;0.9882352948;
btOxy5=0.9882352948;0.9725490212;0.3372549117;0.8196078539;
btOxy6=0.8196078539;0.980392158;0.3450980484;0.721568644;
btOxy7=0.721568644;0.9764705896;0.6000000238;0.5254902244;
btOxy8=0.5254902244;0.9686274529;0.5803921819;0.4078431427;
btOxy9=0.4078431427;0.9568627477;0.4784313738;0.2941176593;
btOxy10=0.2941176593;0.9450980425;0.380392164;1;
btOxygenGenerator=0;0;0;1;
btWaterGenerator=0;0;0;1;
btInvisibleBlocking=0;0;0;0.3490196168;
btSoil=0.3686274588;0.3098039329;0.1333333403;1;
btPlastic=1;1;1;0.6196078658;
btCopper=0.6196078658;0.3882353008;0.1294117719;1;
btGold=1;1;0;0.8666666746;
btQuartz=0.8666666746;0.8666666746;0.850980401;0.8470588326;
btAluminium=0.8470588326;0.890196085;0.9607843161;0.07843137532;
btFiberOil=0.07843137532;0.160784319;0.0941176489;0.2588235438;
bt28=1;0;0;1;
btLazure=0.2588235438;0.7843137383;0.9843137264;1;
btPink=1;0.501960814;1;0.4627451003;
btRadioActive=0.4627451003;1;0.3686274588;0.007843137719;
btNavy=0.007843137719;0.1254902035;0.9490196109;0.7882353067;
btLime=0.7882353067;0.890196085;0.06666667014;0.7843137383;
btOlive=0.7843137383;0.8549019694;0.3882353008;0.1960784346;
btGreenDark=0.1960784346;0.4117647111;0.200000003;1;
btMint=0.3686274588;0.8823529482;0.741176486;1;
btBlueBright=1;0.8941176534;0.8941176534;0.8392156959;
btPlatinium=0.8392156959;0.9450980425;0.9960784316;0.721568644;
btSheisse=0.721568644;0.5333333611;0.5294117928;0.6901960969;
btMortadele=0.6901960969;0.3372549117;0.2352941185;1;
btYellowDark=1;0.7058823705;0.1058823541;0.890196085;
btYellowMed=0.890196085;0.850980401;0.09019608051;0.8156862855;
btOrangeDark=0.8156862855;0.3568627536;0.08235294372;0.980392158;
btSettingSun=0.980392158;0.6941176653;0.1137254909;0.02352941222;
btGalactic=0.02352941222;0.07843137532;0.5490196347;1;
